,Impranil,P(3HB-co-3MP),ECOFLEX,PCL,PLA,O-PVA,PMCL,PHO,PHBH,LDPE,PPL,PEA,P4HB,PHBV,PBSeT,PET,PHBVH,NR,PBAT,PEG,PEF,PHV,PES,PHB,Nylon,P3HP,PE,PBSA,PVA,PBS,PS,PA,PHPV,PU
Impranil,1.0,0.42227802,0.36138907,0.60964954,0.42462054,0.23004812,0.14802241,0.38021988,0.48271486,0.24591538,0.42462054,-0.06671831,-0.120410204,0.43428835,0.4480694,0.40521052,0.31090537,0.4844152,0.41875985,-0.23569576,0.254263,0.44229898,0.2542713,0.41372108,0.69238675,-0.03444392,0.24591538,0.40819183,0.22806287,0.38462543,0.35481972,0.69238675,-0.050014406,0.7542664
P(3HB-co-3MP),0.42227802,1.0,0.5397408,0.7649337,0.6392218,0.28365573,0.17644274,0.6214268,0.6477064,0.684537,0.6392218,0.5622043,0.4920478,0.78295296,0.46618915,0.57201385,0.39436495,0.78095543,0.59182316,0.13041963,0.44596133,0.99303246,0.7295257,0.84721357,0.419695,0.6211026,0.684537,0.62159586,0.28149158,0.63825697,0.78321296,0.419695,0.18706755,0.5341129
ECOFLEX,0.36138907,0.5397408,1.0,0.8078424,0.79537874,0.3525674,0.11404094,0.4895439,0.53969145,0.46991286,0.79537874,0.21423323,0.116600126,0.6024264,0.7633293,0.80661,0.43624163,0.66788644,0.88297373,0.20936519,0.7166312,0.5143139,0.6664502,0.778307,0.4396303,0.2546648,0.46991286,0.94415975,0.3516866,0.9016542,0.6527612,0.4396303,0.011415919,0.63614124
PCL,0.60964954,0.7649337,0.8078424,1.0,0.93011004,0.60655,0.32346737,0.7923868,0.8550813,0.57745457,0.93011004,0.3912107,0.28745878,0.9104163,0.70035654,0.768909,0.7244696,0.81257415,0.8229421,0.2872798,0.64611477,0.76731294,0.7783365,0.93393135,0.5972551,0.44940683,0.57745457,0.87565076,0.6052711,0.83963567,0.7151652,0.5972551,0.35986015,0.77626866
PLA,0.42462054,0.6392218,0.79537874,0.93011004,1.0,0.7112946,0.107364245,0.82010245,0.8209978,0.58227193,1.0,0.4158984,0.27938834,0.8559457,0.69524163,0.81328887,0.73651993,0.8420363,0.8524881,0.45458388,0.7653758,0.63160866,0.8041905,0.91384435,0.5735048,0.47133878,0.58227193,0.89034927,0.7111504,0.86738056,0.7451852,0.5735048,0.35857484,0.74318004
O-PVA,0.23004812,0.28365573,0.3525674,0.60655,0.7112946,1.0,0.04922468,0.60190123,0.6724505,0.3592162,0.7112946,0.3283515,0.21530065,0.64697397,0.5226651,0.47468284,0.7031605,0.56410486,0.5172456,0.67044914,0.4804416,0.29024443,0.5270683,0.58404297,0.3989968,0.36975443,0.3592162,0.50544727,0.99992967,0.4833195,0.3894827,0.3989968,0.48813146,0.48639762
PMCL,0.14802241,0.17644274,0.11404094,0.32346737,0.107364245,0.04922468,1.0,0.32446992,0.30999225,-0.10074523,0.107364245,0.16697071,0.26210395,0.36951214,-0.076202035,-0.11348307,0.38291675,-0.18208282,-0.047927458,0.0405014,-0.25300777,0.20642549,0.13181303,0.18891358,-0.19332735,0.15347125,-0.10074523,0.054946683,0.048487566,-0.017227687,-0.19865835,-0.19332735,0.56033266,-0.08199301
PHO,0.38021988,0.6214268,0.4895439,0.7923868,0.82010245,0.60190123,0.32446992,1.0,0.7511367,0.43004993,0.82010245,0.5046371,0.42030892,0.8073586,0.45418075,0.49956068,0.6707075,0.62678546,0.5526277,0.46856034,0.42866766,0.6441452,0.74038607,0.7752596,0.31803763,0.5400554,0.43004993,0.584295,0.60087633,0.5648988,0.5584914,0.31803763,0.45754957,0.47363755
PHBH,0.48271486,0.6477064,0.53969145,0.8550813,0.8209978,0.6724505,0.30999225,0.7511367,1.0,0.24812564,0.8209978,0.1598421,0.053628698,0.9621469,0.36529154,0.4243304,0.9377316,0.64792275,0.48803657,0.1754119,0.33688742,0.6542171,0.48704144,0.7341629,0.40894097,0.23783739,0.24812564,0.58560663,0.6709406,0.518609,0.47764355,0.40894097,0.62971693,0.54481924
LDPE,0.24591538,0.684537,0.46991286,0.57745457,0.58227193,0.3592162,-0.10074523,0.43004993,0.24812564,1.0,0.58227193,0.8129988,0.7356491,0.42764008,0.6606779,0.8238967,0.047708083,0.79413825,0.7681641,0.5049873,0.80084354,0.6799014,0.8729989,0.7800295,0.54480267,0.8259136,0.99999994,0.684392,0.35982117,0.77352965,0.8432713,0.54480267,-0.082276024,0.6288564
PPL,0.42462054,0.6392218,0.79537874,0.93011004,1.0,0.7112946,0.107364245,0.82010245,0.8209978,0.58227193,1.0,0.4158984,0.27938834,0.8559457,0.69524163,0.81328887,0.73651993,0.8420363,0.8524881,0.45458388,0.7653758,0.63160866,0.8041905,0.91384435,0.5735048,0.47133878,0.58227193,0.89034927,0.7111504,0.86738056,0.7451852,0.5735048,0.35857484,0.74318004
PEA,-0.06671831,0.5622043,0.21423323,0.3912107,0.4158984,0.3283515,0.16697071,0.5046371,0.1598421,0.8129988,0.4158984,1.0,0.98107886,0.37552965,0.34892908,0.49576783,0.058498077,0.5150034,0.46484196,0.7082986,0.4691508,0.56302243,0.8338487,0.64806646,0.20818688,0.991278,0.8129988,0.4045357,0.3298211,0.4885403,0.62312174,0.20818688,0.1981284,0.27264646
P4HB,-0.120410204,0.4920478,0.116600126,0.28745878,0.27938834,0.21530065,0.26210395,0.42030892,0.053628698,0.7356491,0.27938834,0.98107886,1.0,0.27952337,0.24218774,0.3753033,-0.029054858,0.37468457,0.34379888,0.65614307,0.33850384,0.49549982,0.7484834,0.5425975,0.1111123,0.9619041,0.7356491,0.2869161,0.21678123,0.3699268,0.5066577,0.1111123,0.1950577,0.1589153
PHBV,0.43428835,0.78295296,0.6024264,0.9104163,0.8559457,0.64697397,0.36951214,0.8073586,0.9621469,0.42764008,0.8559457,0.37552965,0.27952337,1.0,0.43864104,0.523277,0.8736995,0.7183215,0.5831882,0.28818163,0.41963157,0.78849345,0.6558469,0.8570505,0.41526866,0.45121303,0.42764008,0.66997224,0.6455866,0.6222551,0.6042025,0.41526866,0.6272373,0.56413907
PBSeT,0.4480694,0.46618915,0.7633293,0.70035654,0.69524163,0.5226651,-0.076202035,0.45418075,0.36529154,0.6606779,0.69524163,0.34892908,0.24218774,0.43864104,1.0,0.8481806,0.22017042,0.7203738,0.9070681,0.37481102,0.7844007,0.4597382,0.7155158,0.7151229,0.5811699,0.3666132,0.6606779,0.8414978,0.52087486,0.85133,0.6436608,0.5811699,-0.20030396,0.716999
PET,0.40521052,0.57201385,0.80661,0.768909,0.81328887,0.47468284,-0.11348307,0.49956068,0.4243304,0.8238967,0.81328887,0.49576783,0.3753033,0.523277,0.8481806,1.0,0.27313074,0.8461244,0.979361,0.42104012,0.9671794,0.5542497,0.8378411,0.83962387,0.6785577,0.5212013,0.8238967,0.943515,0.47513294,0.97579616,0.832019,0.6785577,-0.10039621,0.81910217
PHBVH,0.31090537,0.39436495,0.43624163,0.7244696,0.73651993,0.7031605,0.38291675,0.6707075,0.9377316,0.047708083,0.73651993,0.058498077,-0.029054858,0.8736995,0.22017042,0.27313074,1.0,0.44357288,0.3451588,0.24382333,0.21805708,0.39936072,0.3370095,0.5747739,0.27558455,0.13179931,0.047708083,0.46066856,0.7025597,0.37346008,0.267946,0.27558455,0.79849154,0.39372936
NR,0.4844152,0.78095543,0.66788644,0.81257415,0.8420363,0.56410486,-0.18208282,0.62678546,0.64792275,0.79413825,0.8420363,0.5150034,0.37468457,0.7183215,0.7203738,0.8461244,0.44357288,1.0,0.84214157,0.3477162,0.795412,0.76543504,0.81161153,0.8902512,0.701602,0.57367814,0.79413825,0.81692374,0.56342673,0.8499926,0.9348925,0.701602,0.07597376,0.8076875
PBAT,0.41875985,0.59182316,0.88297373,0.8229421,0.8524881,0.5172456,-0.047927458,0.5526277,0.48803657,0.7681641,0.8524881,0.46484196,0.34379888,0.5831882,0.9070681,0.979361,0.3451588,0.84214157,1.0,0.42424273,0.92488265,0.5741425,0.8460126,0.8699805,0.6436349,0.49611688,0.7681641,0.9782177,0.5170026,0.9907962,0.8129987,0.6436349,-0.057429697,0.80433166
PEG,-0.23569576,0.13041963,0.20936519,0.2872798,0.45458388,0.67044914,0.0405014,0.46856034,0.1754119,0.5049873,0.45458388,0.7082986,0.65614307,0.28818163,0.37481102,0.42104012,0.24382333,0.3477162,0.42424273,1.0,0.4774557,0.13557833,0.6450815,0.4595541,0.06558292,0.69412184,0.5049873,0.37425318,0.6725358,0.4114958,0.3783017,0.06558292,0.30643952,0.14948656
PEF,0.254263,0.44596133,0.7166312,0.64611477,0.7653758,0.4804416,-0.25300777,0.42866766,0.33688742,0.80084354,0.7653758,0.4691508,0.33850384,0.41963157,0.7844007,0.9671794,0.21805708,0.795412,0.92488265,0.4774557,1.0,0.4256433,0.77526075,0.7451994,0.5902481,0.4872638,0.80084354,0.87462276,0.48161325,0.9187993,0.78176475,0.5902481,-0.12949108,0.72220206
PHV,0.44229898,0.99303246,0.5143139,0.76731294,0.63160866,0.29024443,0.20642549,0.6441452,0.6542171,0.6799014,0.63160866,0.56302243,0.49549982,0.78849345,0.4597382,0.5542497,0.39936072,0.76543504,0.5741425,0.13557833,0.4256433,1.0,0.72645915,0.8393629,0.4061118,0.6200348,0.6799014,0.6021189,0.2880651,0.61787564,0.7627316,0.4061118,0.19804095,0.5237993
PES,0.2542713,0.7295257,0.6664502,0.7783365,0.8041905,0.5270683,0.13181303,0.74038607,0.48704144,0.8729989,0.8041905,0.8338487,0.7484834,0.6558469,0.7155158,0.8378411,0.3370095,0.81161153,0.8460126,0.6450815,0.77526075,0.72645915,1.0,0.9285567,0.481577,0.8537181,0.8729989,0.8182469,0.5274635,0.86058885,0.8439405,0.481577,0.15238073,0.62904567
PHB,0.41372108,0.84721357,0.778307,0.93393135,0.91384435,0.58404297,0.18891358,0.7752596,0.7341629,0.7800295,0.91384435,0.64806646,0.5425975,0.8570505,0.7151229,0.83962387,0.5747739,0.8902512,0.8699805,0.4595541,0.7451994,0.8393629,0.9285567,1.0,0.5717418,0.70067346,0.7800295,0.8914005,0.58346754,0.8972905,0.8612557,0.5717418,0.2913373,0.7317896
Nylon,0.69238675,0.419695,0.4396303,0.5972551,0.5735048,0.3989968,-0.19332735,0.31803763,0.40894097,0.54480267,0.5735048,0.20818688,0.1111123,0.41526866,0.5811699,0.6785577,0.27558455,0.701602,0.6436349,0.06558292,0.5902481,0.4061118,0.481577,0.5717418,1.0,0.2609769,0.54480267,0.58648694,0.39905676,0.61881334,0.6243787,0.99999994,-0.037373487,0.95359176
P3HP,-0.03444392,0.6211026,0.2546648,0.44940683,0.47133878,0.36975443,0.15347125,0.5400554,0.23783739,0.8259136,0.47133878,0.991278,0.9619041,0.45121303,0.3666132,0.5212013,0.13179931,0.57367814,0.49611688,0.69412184,0.4872638,0.6200348,0.8537181,0.70067346,0.2609769,1.0,0.8259136,0.4442077,0.37117723,0.5234085,0.67056054,0.2609769,0.2542974,0.3232693
PE,0.24591538,0.684537,0.46991286,0.57745457,0.58227193,0.3592162,-0.10074523,0.43004993,0.24812564,0.99999994,0.58227193,0.8129988,0.7356491,0.42764008,0.6606779,0.8238967,0.047708083,0.79413825,0.7681641,0.5049873,0.80084354,0.6799014,0.8729989,0.7800295,0.54480267,0.8259136,1.0,0.684392,0.35982117,0.77352965,0.8432713,0.54480267,-0.082276024,0.6288564
PBSA,0.40819183,0.62159586,0.94415975,0.87565076,0.89034927,0.50544727,0.054946683,0.584295,0.58560663,0.684392,0.89034927,0.4045357,0.2869161,0.66997224,0.8414978,0.943515,0.46066856,0.81692374,0.9782177,0.37425318,0.87462276,0.6021189,0.8182469,0.8914005,0.58648694,0.4442077,0.684392,1.0,0.5052117,0.9883323,0.78591025,0.58648694,0.052251,0.7696483
PVA,0.22806287,0.28149158,0.3516866,0.6052711,0.7111504,0.99992967,0.048487566,0.60087633,0.6709406,0.35982117,0.7111504,0.3298211,0.21678123,0.6455866,0.52087486,0.47513294,0.7025597,0.56342673,0.5170026,0.6725358,0.48161325,0.2880651,0.5274635,0.58346754,0.39905676,0.37117723,0.35982117,0.5052117,1.0,0.48320374,0.38919702,0.39905676,0.48901105,0.48627543
PBS,0.38462543,0.63825697,0.9016542,0.83963567,0.86738056,0.4833195,-0.017227687,0.5648988,0.518609,0.77352965,0.86738056,0.4885403,0.3699268,0.6222551,0.85133,0.97579616,0.37346008,0.8499926,0.9907962,0.4114958,0.9187993,0.61787564,0.86058885,0.8972905,0.61881334,0.5234085,0.77352965,0.9883323,0.48320374,1.0,0.8388574,0.61881334,-0.010695707,0.7850188
PS,0.35481972,0.78321296,0.6527612,0.7151652,0.7451852,0.3894827,-0.19865835,0.5584914,0.47764355,0.8432713,0.7451852,0.62312174,0.5066577,0.6042025,0.6436608,0.832019,0.267946,0.9348925,0.8129987,0.3783017,0.78176475,0.7627316,0.8439405,0.8612557,0.6243787,0.67056054,0.8432713,0.78591025,0.38919702,0.8388574,1.0,0.6243787,-0.0062481663,0.72009414
PA,0.69238675,0.419695,0.4396303,0.5972551,0.5735048,0.3989968,-0.19332735,0.31803763,0.40894097,0.54480267,0.5735048,0.20818688,0.1111123,0.41526866,0.5811699,0.6785577,0.27558455,0.701602,0.6436349,0.06558292,0.5902481,0.4061118,0.481577,0.5717418,0.99999994,0.2609769,0.54480267,0.58648694,0.39905676,0.61881334,0.6243787,1.0,-0.037373487,0.95359176
PHPV,-0.050014406,0.18706755,0.011415919,0.35986015,0.35857484,0.48813146,0.56033266,0.45754957,0.62971693,-0.082276024,0.35857484,0.1981284,0.1950577,0.6272373,-0.20030396,-0.10039621,0.79849154,0.07597376,-0.057429697,0.30643952,-0.12949108,0.19804095,0.15238073,0.2913373,-0.037373487,0.2542974,-0.082276024,0.052251,0.48901105,-0.010695707,-0.0062481663,-0.037373487,1.0,0.0040376903
PU,0.7542664,0.5341129,0.63614124,0.77626866,0.74318004,0.48639762,-0.08199301,0.47363755,0.54481924,0.6288564,0.74318004,0.27264646,0.1589153,0.56413907,0.716999,0.81910217,0.39372936,0.8076875,0.80433166,0.14948656,0.72220206,0.5237993,0.62904567,0.7317896,0.95359176,0.3232693,0.6288564,0.7696483,0.48627543,0.7850188,0.72009414,0.95359176,0.0040376903,1.0
